Abell1413 0.14 0.52 1.07
Abell1689 0.18 0.63 1.09
Abell1835 0.25 0.81 1.13
Abell1914 0.17 0.60 1.09
Abell1995 0.32 0.96 1.18
Abell2111 0.23 0.76 1.12
Abell2163 0.20 0.68 1.10
Abell2204 0.15 0.54 1.08
Abell2218 0.18 0.63 1.09
Abell2259 0.16 0.57 1.08
Abell2261 0.22 0.73 1.12
Abell267 0.23 0.76 1.12
Abell370 0.38 1.07 1.22
Abell586 0.17 0.60 1.09
Abell611 0.29 0.90 1.16
Abell665 0.18 0.63 1.09
Abell68 0.26 0.83 1.14
Abell697 0.28 0.88 1.15
Abell773 0.22 0.73 1.12
CLJ0016+1609 0.54 1.31 1.34
CLJ1226+3332 0.89 1.60 1.65
MACSJ0647.7+7015 0.58 1.36 1.37
MACSJ0744.8+3927 0.69 1.47 1.47
MACSJ1149.5+2223 0.54 1.31 1.34
MACSJ1311.0-0310. 0.49 1.25 1.30
MACSJ1423.8+2404 0.55 1.32 1.35
MACSJ2129.4-0741. 0.57 1.35 1.36
MACSJ2214.9-1359. 0.48 1.23 1.29
MACSJ2228.5+2036 0.41 1.12 1.24
MS0451.6-0305 0.55 1.32 1.35
MS1054.5-0321 0.83 1.57 1.59
MS1137.5+6625 0.78 1.54 1.55
MS1358.4+6245 0.33 0.98 1.19
MS2053.7-0449 0.58 1.36 1.37
RXJ1347.5-1145 0.45 1.19 1.27
RXJ1716.4+6708 0.81 1.56 1.57
RXJ2129.7+0005 0.24 0.78 1.13
ZW3146 0.29 0.90 1.16